{
 "cells": [
  {
   "cell_type": "code",
   "execution_count": 1,
   "metadata": {},
   "outputs": [],
   "source": [
    "from pathlib import Path\n",
    "import pandas as pd\n",
    "import re\n",
    "\n",
    "from jours_feries_france import JoursFeries\n",
    "from vacances_scolaires_france import SchoolHolidayDates"
   ]
  },
  {
   "cell_type": "code",
   "execution_count": 2,
   "metadata": {},
   "outputs": [],
   "source": [
    "data = pd.read_parquet(Path(\"../data\") / \"train.parquet\")"
   ]
  },
  {
   "cell_type": "code",
   "execution_count": 9,
   "metadata": {},
   "outputs": [
    {
     "data": {
      "text/plain": [
       "(455163, 11)"
      ]
     },
     "execution_count": 9,
     "metadata": {},
     "output_type": "execute_result"
    }
   ],
   "source": [
    "data.shape"
   ]
  },
  {
   "cell_type": "code",
   "execution_count": 3,
   "metadata": {},
   "outputs": [],
   "source": [
    "def _encode_dates(X):\n",
    "    \"\"\"\n",
    "    \"\"\"\n",
    "    X = X.copy()  # modify a copy of X\n",
    "    # Encode the date information from the DateOfDeparture columns\n",
    "    X.loc[:, \"year\"] = X[\"date\"].dt.year\n",
    "    X.loc[:, \"month\"] = X[\"date\"].dt.month\n",
    "    X.loc[:, \"day\"] = X[\"date\"].dt.day\n",
    "    X.loc[:, \"weekday\"] = X[\"date\"].dt.weekday\n",
    "    X.loc[:, \"hour\"] = X[\"date\"].dt.hour\n",
    "\n",
    "    # Finally we can drop the original columns from the dataframe\n",
    "    return X.drop(columns=[\"date\"])"
   ]
  },
  {
   "cell_type": "code",
   "execution_count": 4,
   "metadata": {},
   "outputs": [
    {
     "data": {
      "text/plain": [
       "array([2020, 2021])"
      ]
     },
     "execution_count": 4,
     "metadata": {},
     "output_type": "execute_result"
    }
   ],
   "source": [
    "encoded_dates = _encode_dates(data[[\"date\"]])\n",
    "encoded_dates.year.unique()"
   ]
  },
  {
   "cell_type": "code",
   "execution_count": 5,
   "metadata": {},
   "outputs": [],
   "source": [
    "def _additional_date_variables(X):\n",
    "    \"\"\"\n",
    "    \"\"\"\n",
    "    X = X.copy()  # modify a copy of X\n",
    "\n",
    "    # add seasons\n",
    "    seasons = {1: \"winter\", 2: \"winter\", 3: \"spring\", 4: \"spring\", \n",
    "               5: \"spring\", 6: \"summer\", 7: \"summer\", 8: \"summer\", \n",
    "               9: \"autumn\", 10: \"autumn\", 11: \"autumn\", 12: \"winter\"}\n",
    "    X.loc[:, \"season\"] = X[\"date\"].dt.month.map(seasons)\n",
    "\n",
    "    public_holidays = []\n",
    "    school_holidays = {}\n",
    "    for year in X[\"date\"].dt.year.unique():\n",
    "        public_holidays.extend(JoursFeries.for_year(year).values())\n",
    "        school_holidays.update(SchoolHolidayDates().holidays_for_year_and_zone(year, 'C'))\n",
    "    \n",
    "    # add public holidays\n",
    "    X.loc[:, \"public_holiday\"] = X[\"date\"].isin(public_holidays)\n",
    "\n",
    "    # add school holidays names\n",
    "    school_holidays_name = {k: re.sub(\"\\s+|'\", '_', \n",
    "                                      re.sub('[éë]', 'e', v['nom_vacances'].lower())) \n",
    "                            for k, v in school_holidays.items() if v['vacances_zone_c']}\n",
    "    X.loc[:, \"school_holiday_name\"] = X[\"date\"].map(school_holidays_name)\n",
    "\n",
    "    # add school holidays\n",
    "    school_holidays_bool = [k for k,v in school_holidays.items() if v['vacances_zone_c']]\n",
    "    X.loc[:, \"school_holiday\"] = X[\"date\"].isin(school_holidays_bool)\n",
    "\n",
    "    # Finally we can drop the original columns from the dataframe\n",
    "    return X.drop(columns=[\"date\"])"
   ]
  },
  {
   "cell_type": "code",
   "execution_count": 6,
   "metadata": {},
   "outputs": [
    {
     "data": {
      "text/html": [
       "<div>\n",
       "<style scoped>\n",
       "    .dataframe tbody tr th:only-of-type {\n",
       "        vertical-align: middle;\n",
       "    }\n",
       "\n",
       "    .dataframe tbody tr th {\n",
       "        vertical-align: top;\n",
       "    }\n",
       "\n",
       "    .dataframe thead th {\n",
       "        text-align: right;\n",
       "    }\n",
       "</style>\n",
       "<table border=\"1\" class=\"dataframe\">\n",
       "  <thead>\n",
       "    <tr style=\"text-align: right;\">\n",
       "      <th></th>\n",
       "      <th>season</th>\n",
       "      <th>public_holiday</th>\n",
       "      <th>school_holiday_name</th>\n",
       "      <th>school_holiday</th>\n",
       "    </tr>\n",
       "  </thead>\n",
       "  <tbody>\n",
       "    <tr>\n",
       "      <th>48321</th>\n",
       "      <td>autumn</td>\n",
       "      <td>False</td>\n",
       "      <td>NaN</td>\n",
       "      <td>False</td>\n",
       "    </tr>\n",
       "    <tr>\n",
       "      <th>48324</th>\n",
       "      <td>autumn</td>\n",
       "      <td>False</td>\n",
       "      <td>NaN</td>\n",
       "      <td>False</td>\n",
       "    </tr>\n",
       "    <tr>\n",
       "      <th>48327</th>\n",
       "      <td>autumn</td>\n",
       "      <td>False</td>\n",
       "      <td>NaN</td>\n",
       "      <td>False</td>\n",
       "    </tr>\n",
       "    <tr>\n",
       "      <th>48330</th>\n",
       "      <td>autumn</td>\n",
       "      <td>False</td>\n",
       "      <td>NaN</td>\n",
       "      <td>False</td>\n",
       "    </tr>\n",
       "    <tr>\n",
       "      <th>48333</th>\n",
       "      <td>autumn</td>\n",
       "      <td>False</td>\n",
       "      <td>NaN</td>\n",
       "      <td>False</td>\n",
       "    </tr>\n",
       "  </tbody>\n",
       "</table>\n",
       "</div>"
      ],
      "text/plain": [
       "       season  public_holiday school_holiday_name  school_holiday\n",
       "48321  autumn           False                 NaN           False\n",
       "48324  autumn           False                 NaN           False\n",
       "48327  autumn           False                 NaN           False\n",
       "48330  autumn           False                 NaN           False\n",
       "48333  autumn           False                 NaN           False"
      ]
     },
     "execution_count": 6,
     "metadata": {},
     "output_type": "execute_result"
    }
   ],
   "source": [
    "additional_dates = _additional_date_variables(data[[\"date\"]])\n",
    "additional_dates.head()"
   ]
  },
  {
   "cell_type": "code",
   "execution_count": 10,
   "metadata": {},
   "outputs": [],
   "source": [
    "full_data = pd.concat([data, encoded_dates, additional_dates], axis=1)"
   ]
  },
  {
   "cell_type": "code",
   "execution_count": 15,
   "metadata": {},
   "outputs": [
    {
     "name": "stdout",
     "output_type": "stream",
     "text": [
      "<class 'pandas.core.frame.DataFrame'>\n",
      "Int64Index: 455163 entries, 48321 to 928462\n",
      "Data columns (total 20 columns):\n",
      " #   Column                     Non-Null Count   Dtype         \n",
      "---  ------                     --------------   -----         \n",
      " 0   counter_id                 455163 non-null  category      \n",
      " 1   counter_name               455163 non-null  category      \n",
      " 2   site_id                    455163 non-null  int64         \n",
      " 3   site_name                  455163 non-null  category      \n",
      " 4   bike_count                 455163 non-null  float64       \n",
      " 5   date                       455163 non-null  datetime64[ns]\n",
      " 6   counter_installation_date  455163 non-null  datetime64[ns]\n",
      " 7   counter_technical_id       455163 non-null  category      \n",
      " 8   latitude                   455163 non-null  float64       \n",
      " 9   longitude                  455163 non-null  float64       \n",
      " 10  log_bike_count             455163 non-null  float64       \n",
      " 11  year                       455163 non-null  int64         \n",
      " 12  month                      455163 non-null  int64         \n",
      " 13  day                        455163 non-null  int64         \n",
      " 14  weekday                    455163 non-null  int64         \n",
      " 15  hour                       455163 non-null  int64         \n",
      " 16  season                     455163 non-null  object        \n",
      " 17  public_holiday             455163 non-null  bool          \n",
      " 18  school_holiday_name        5738 non-null    object        \n",
      " 19  school_holiday             455163 non-null  bool          \n",
      "dtypes: bool(2), category(4), datetime64[ns](2), float64(4), int64(6), object(2)\n",
      "memory usage: 54.7+ MB\n"
     ]
    }
   ],
   "source": [
    "full_data.info()"
   ]
  },
  {
   "cell_type": "code",
   "execution_count": 14,
   "metadata": {},
   "outputs": [
    {
     "name": "stderr",
     "output_type": "stream",
     "text": [
      "/var/folders/y_/2nw1qxt94ydbkmv5qzg8p4080000gn/T/ipykernel_6000/3487761091.py:1: FutureWarning: The default value of numeric_only in DataFrame.corr is deprecated. In a future version, it will default to False. Select only valid columns or specify the value of numeric_only to silence this warning.\n",
      "  full_data.corr()\n"
     ]
    },
    {
     "data": {
      "text/html": [
       "<div>\n",
       "<style scoped>\n",
       "    .dataframe tbody tr th:only-of-type {\n",
       "        vertical-align: middle;\n",
       "    }\n",
       "\n",
       "    .dataframe tbody tr th {\n",
       "        vertical-align: top;\n",
       "    }\n",
       "\n",
       "    .dataframe thead th {\n",
       "        text-align: right;\n",
       "    }\n",
       "</style>\n",
       "<table border=\"1\" class=\"dataframe\">\n",
       "  <thead>\n",
       "    <tr style=\"text-align: right;\">\n",
       "      <th></th>\n",
       "      <th>site_id</th>\n",
       "      <th>bike_count</th>\n",
       "      <th>latitude</th>\n",
       "      <th>longitude</th>\n",
       "      <th>log_bike_count</th>\n",
       "      <th>year</th>\n",
       "      <th>month</th>\n",
       "      <th>day</th>\n",
       "      <th>weekday</th>\n",
       "      <th>hour</th>\n",
       "      <th>public_holiday</th>\n",
       "      <th>school_holiday</th>\n",
       "    </tr>\n",
       "  </thead>\n",
       "  <tbody>\n",
       "    <tr>\n",
       "      <th>site_id</th>\n",
       "      <td>1.000000</td>\n",
       "      <td>-0.004168</td>\n",
       "      <td>-0.127437</td>\n",
       "      <td>-0.185880</td>\n",
       "      <td>0.018890</td>\n",
       "      <td>0.088022</td>\n",
       "      <td>-0.069248</td>\n",
       "      <td>0.005392</td>\n",
       "      <td>0.000962</td>\n",
       "      <td>-0.000024</td>\n",
       "      <td>0.000696</td>\n",
       "      <td>0.003605</td>\n",
       "    </tr>\n",
       "    <tr>\n",
       "      <th>bike_count</th>\n",
       "      <td>-0.004168</td>\n",
       "      <td>1.000000</td>\n",
       "      <td>0.130030</td>\n",
       "      <td>0.015162</td>\n",
       "      <td>0.738974</td>\n",
       "      <td>-0.025228</td>\n",
       "      <td>0.027991</td>\n",
       "      <td>-0.008853</td>\n",
       "      <td>-0.076188</td>\n",
       "      <td>0.128626</td>\n",
       "      <td>-0.022529</td>\n",
       "      <td>-0.070846</td>\n",
       "    </tr>\n",
       "    <tr>\n",
       "      <th>latitude</th>\n",
       "      <td>-0.127437</td>\n",
       "      <td>0.130030</td>\n",
       "      <td>1.000000</td>\n",
       "      <td>0.153146</td>\n",
       "      <td>0.108289</td>\n",
       "      <td>-0.010695</td>\n",
       "      <td>0.008137</td>\n",
       "      <td>-0.000164</td>\n",
       "      <td>-0.000148</td>\n",
       "      <td>-0.000015</td>\n",
       "      <td>-0.000113</td>\n",
       "      <td>-0.000538</td>\n",
       "    </tr>\n",
       "    <tr>\n",
       "      <th>longitude</th>\n",
       "      <td>-0.185880</td>\n",
       "      <td>0.015162</td>\n",
       "      <td>0.153146</td>\n",
       "      <td>1.000000</td>\n",
       "      <td>0.044736</td>\n",
       "      <td>-0.013573</td>\n",
       "      <td>0.009238</td>\n",
       "      <td>0.001760</td>\n",
       "      <td>-0.000270</td>\n",
       "      <td>-0.000018</td>\n",
       "      <td>-0.000259</td>\n",
       "      <td>-0.001089</td>\n",
       "    </tr>\n",
       "    <tr>\n",
       "      <th>log_bike_count</th>\n",
       "      <td>0.018890</td>\n",
       "      <td>0.738974</td>\n",
       "      <td>0.108289</td>\n",
       "      <td>0.044736</td>\n",
       "      <td>1.000000</td>\n",
       "      <td>-0.019968</td>\n",
       "      <td>0.048162</td>\n",
       "      <td>-0.012793</td>\n",
       "      <td>-0.056949</td>\n",
       "      <td>0.268903</td>\n",
       "      <td>-0.040998</td>\n",
       "      <td>-0.128896</td>\n",
       "    </tr>\n",
       "    <tr>\n",
       "      <th>year</th>\n",
       "      <td>0.088022</td>\n",
       "      <td>-0.025228</td>\n",
       "      <td>-0.010695</td>\n",
       "      <td>-0.013573</td>\n",
       "      <td>-0.019968</td>\n",
       "      <td>1.000000</td>\n",
       "      <td>-0.855011</td>\n",
       "      <td>-0.031391</td>\n",
       "      <td>0.009201</td>\n",
       "      <td>-0.000530</td>\n",
       "      <td>0.003997</td>\n",
       "      <td>0.019296</td>\n",
       "    </tr>\n",
       "    <tr>\n",
       "      <th>month</th>\n",
       "      <td>-0.069248</td>\n",
       "      <td>0.027991</td>\n",
       "      <td>0.008137</td>\n",
       "      <td>0.009238</td>\n",
       "      <td>0.048162</td>\n",
       "      <td>-0.855011</td>\n",
       "      <td>1.000000</td>\n",
       "      <td>-0.000195</td>\n",
       "      <td>-0.011660</td>\n",
       "      <td>0.000325</td>\n",
       "      <td>0.001684</td>\n",
       "      <td>0.008122</td>\n",
       "    </tr>\n",
       "    <tr>\n",
       "      <th>day</th>\n",
       "      <td>0.005392</td>\n",
       "      <td>-0.008853</td>\n",
       "      <td>-0.000164</td>\n",
       "      <td>0.001760</td>\n",
       "      <td>-0.012793</td>\n",
       "      <td>-0.031391</td>\n",
       "      <td>-0.000195</td>\n",
       "      <td>1.000000</td>\n",
       "      <td>0.015379</td>\n",
       "      <td>-0.000060</td>\n",
       "      <td>-0.020085</td>\n",
       "      <td>0.042054</td>\n",
       "    </tr>\n",
       "    <tr>\n",
       "      <th>weekday</th>\n",
       "      <td>0.000962</td>\n",
       "      <td>-0.076188</td>\n",
       "      <td>-0.000148</td>\n",
       "      <td>-0.000270</td>\n",
       "      <td>-0.056949</td>\n",
       "      <td>0.009201</td>\n",
       "      <td>-0.011660</td>\n",
       "      <td>0.015379</td>\n",
       "      <td>1.000000</td>\n",
       "      <td>0.000079</td>\n",
       "      <td>0.001630</td>\n",
       "      <td>0.010972</td>\n",
       "    </tr>\n",
       "    <tr>\n",
       "      <th>hour</th>\n",
       "      <td>-0.000024</td>\n",
       "      <td>0.128626</td>\n",
       "      <td>-0.000015</td>\n",
       "      <td>-0.000018</td>\n",
       "      <td>0.268903</td>\n",
       "      <td>-0.000530</td>\n",
       "      <td>0.000325</td>\n",
       "      <td>-0.000060</td>\n",
       "      <td>0.000079</td>\n",
       "      <td>1.000000</td>\n",
       "      <td>-0.058126</td>\n",
       "      <td>-0.187804</td>\n",
       "    </tr>\n",
       "    <tr>\n",
       "      <th>public_holiday</th>\n",
       "      <td>0.000696</td>\n",
       "      <td>-0.022529</td>\n",
       "      <td>-0.000113</td>\n",
       "      <td>-0.000259</td>\n",
       "      <td>-0.040998</td>\n",
       "      <td>0.003997</td>\n",
       "      <td>0.001684</td>\n",
       "      <td>-0.020085</td>\n",
       "      <td>0.001630</td>\n",
       "      <td>-0.058126</td>\n",
       "      <td>1.000000</td>\n",
       "      <td>0.184348</td>\n",
       "    </tr>\n",
       "    <tr>\n",
       "      <th>school_holiday</th>\n",
       "      <td>0.003605</td>\n",
       "      <td>-0.070846</td>\n",
       "      <td>-0.000538</td>\n",
       "      <td>-0.001089</td>\n",
       "      <td>-0.128896</td>\n",
       "      <td>0.019296</td>\n",
       "      <td>0.008122</td>\n",
       "      <td>0.042054</td>\n",
       "      <td>0.010972</td>\n",
       "      <td>-0.187804</td>\n",
       "      <td>0.184348</td>\n",
       "      <td>1.000000</td>\n",
       "    </tr>\n",
       "  </tbody>\n",
       "</table>\n",
       "</div>"
      ],
      "text/plain": [
       "                 site_id  bike_count  latitude  longitude  log_bike_count  \\\n",
       "site_id         1.000000   -0.004168 -0.127437  -0.185880        0.018890   \n",
       "bike_count     -0.004168    1.000000  0.130030   0.015162        0.738974   \n",
       "latitude       -0.127437    0.130030  1.000000   0.153146        0.108289   \n",
       "longitude      -0.185880    0.015162  0.153146   1.000000        0.044736   \n",
       "log_bike_count  0.018890    0.738974  0.108289   0.044736        1.000000   \n",
       "year            0.088022   -0.025228 -0.010695  -0.013573       -0.019968   \n",
       "month          -0.069248    0.027991  0.008137   0.009238        0.048162   \n",
       "day             0.005392   -0.008853 -0.000164   0.001760       -0.012793   \n",
       "weekday         0.000962   -0.076188 -0.000148  -0.000270       -0.056949   \n",
       "hour           -0.000024    0.128626 -0.000015  -0.000018        0.268903   \n",
       "public_holiday  0.000696   -0.022529 -0.000113  -0.000259       -0.040998   \n",
       "school_holiday  0.003605   -0.070846 -0.000538  -0.001089       -0.128896   \n",
       "\n",
       "                    year     month       day   weekday      hour  \\\n",
       "site_id         0.088022 -0.069248  0.005392  0.000962 -0.000024   \n",
       "bike_count     -0.025228  0.027991 -0.008853 -0.076188  0.128626   \n",
       "latitude       -0.010695  0.008137 -0.000164 -0.000148 -0.000015   \n",
       "longitude      -0.013573  0.009238  0.001760 -0.000270 -0.000018   \n",
       "log_bike_count -0.019968  0.048162 -0.012793 -0.056949  0.268903   \n",
       "year            1.000000 -0.855011 -0.031391  0.009201 -0.000530   \n",
       "month          -0.855011  1.000000 -0.000195 -0.011660  0.000325   \n",
       "day            -0.031391 -0.000195  1.000000  0.015379 -0.000060   \n",
       "weekday         0.009201 -0.011660  0.015379  1.000000  0.000079   \n",
       "hour           -0.000530  0.000325 -0.000060  0.000079  1.000000   \n",
       "public_holiday  0.003997  0.001684 -0.020085  0.001630 -0.058126   \n",
       "school_holiday  0.019296  0.008122  0.042054  0.010972 -0.187804   \n",
       "\n",
       "                public_holiday  school_holiday  \n",
       "site_id               0.000696        0.003605  \n",
       "bike_count           -0.022529       -0.070846  \n",
       "latitude             -0.000113       -0.000538  \n",
       "longitude            -0.000259       -0.001089  \n",
       "log_bike_count       -0.040998       -0.128896  \n",
       "year                  0.003997        0.019296  \n",
       "month                 0.001684        0.008122  \n",
       "day                  -0.020085        0.042054  \n",
       "weekday               0.001630        0.010972  \n",
       "hour                 -0.058126       -0.187804  \n",
       "public_holiday        1.000000        0.184348  \n",
       "school_holiday        0.184348        1.000000  "
      ]
     },
     "execution_count": 14,
     "metadata": {},
     "output_type": "execute_result"
    }
   ],
   "source": [
    "full_data.corr()"
   ]
  },
  {
   "cell_type": "code",
   "execution_count": null,
   "metadata": {},
   "outputs": [],
   "source": []
  }
 ],
 "metadata": {
  "kernelspec": {
   "display_name": "Python 3 (ipykernel)",
   "language": "python",
   "name": "python3"
  },
  "language_info": {
   "codemirror_mode": {
    "name": "ipython",
    "version": 3
   },
   "file_extension": ".py",
   "mimetype": "text/x-python",
   "name": "python",
   "nbconvert_exporter": "python",
   "pygments_lexer": "ipython3",
   "version": "3.9.13"
  },
  "vscode": {
   "interpreter": {
    "hash": "8ded6d0902af23b71a8fdfa27a89cbe386074b43af059908819c97cf07195d34"
   }
  }
 },
 "nbformat": 4,
 "nbformat_minor": 2
}
